11101101011111011,	0.1955445544554455
11010011011100010,	0.3366336633663366
00000111011000011,	0.3910891089108911
00011010101110100,	0.5371287128712872
11010110100100001,	0.5891089108910892
10111110111011110,	0.5965346534653465
00011011110010101,	0.6534653465346535
10010011110001001,	0.7029702970297029
11111110111110010,	0.7178217821782178
00111101001010000,	0.7277227722772277
01100101110101010,	0.745049504950495
00101000001111100,	0.7896039603960396
01011100011000011,	0.7970297029702971
10110000101000011,	0.8044554455445545
00011010100110101,	0.8044554455445545
01101010111000101,	0.8217821782178218
01000011101001001,	0.8316831683168316
10010111010111101,	0.8316831683168316
00100000111001001,	0.8415841584158416
10110111100001000,	0.8465346534653465
11100111100111101,	0.8465346534653465
00011100000100011,	0.849009900990099
00001101100101111,	0.849009900990099
01100100010111000,	0.849009900990099
00100011011100010,	0.8514851485148515
00101001100000100,	0.8638613861386139
10101111000100111,	0.8638613861386139
01111011001101101,	0.8638613861386139
00011100111001100,	0.8638613861386139
00011111011110010,	0.8638613861386139
00100110010111010,	0.8638613861386139
00101000001111010,	0.8638613861386139
10010100000001111,	0.8638613861386139
01111001101001000,	0.8638613861386139
01110001011100010,	0.8638613861386139
11011101000001010,	0.8663366336633663
01010000111010101,	0.8688118811881188
10101010011011010,	0.8737623762376238
11110001001111000,	0.8737623762376238
11001000011000001,	0.8836633663366337
01010011001101100,	0.8836633663366337
01000000000000000,	0.8836633663366337
11110100011110000,	0.8836633663366337
01000010100000001,	0.8836633663366337
01100111011101001,	0.8836633663366337
00100110110001010,	0.8836633663366337
11010000110100101,	0.8836633663366337
00111001101000101,	0.8836633663366337
00000000000010001,	0.8886138613861386
10101100110100101,	0.8886138613861386
00010001111001100,	0.8886138613861386
01011001111001001,	0.8886138613861386
10000001101110000,	0.8910891089108911
01011011011111101,	0.900990099009901
