010001011110110111011000,	0.19210526315789478
011000010011110111110110,	0.23947368421052628
111010100110111000011010,	0.46842105263157896
101000010101111010110110,	0.5868421052631578
111010101110111001010001,	0.5868421052631578
100011100011100001101000,	0.6394736842105263
110001101100111011100000,	0.7263157894736842
100001000111010110000110,	0.7394736842105263
101000110011011101101111,	0.7552631578947369
110011000110001110010001,	0.7552631578947369
011111110011111111000011,	0.7605263157894737
000111110100010110011101,	0.8184210526315789
110111111001000011100110,	0.8394736842105264
011101101100000110111111,	0.8394736842105264
110110111110111010001000,	0.85
100101101110010110101000,	0.85
011101110110011010100011,	0.8736842105263158
011101101100101001001100,	0.8763157894736842
110000011110110011101001,	0.8763157894736842
100111011100011111001001,	0.8789473684210526
000010110011000010010000,	0.8973684210526316
011101111000100001011001,	0.8973684210526316
111110001011100010100011,	0.8973684210526316
100101000011000010111110,	0.8973684210526316
111000010101001001010000,	0.9263157894736842
100011111011111001110011,	0.9263157894736842
000100110001110101011101,	0.9368421052631579
100000101000011001100000,	0.9394736842105263
101111010010100000000010,	0.9394736842105263
010001100101001011110001,	0.9421052631578948
011011100011000001110000,	0.9421052631578948
010010110011010111101011,	0.9421052631578948
010000011101000000011111,	0.9421052631578948
011010100010001101000110,	0.9421052631578948
000111001001001111110101,	0.95
011011101111011011011010,	0.95
111111101001001000000001,	0.95
001001111001101010100000,	0.9526315789473684
001110010010111110100000,	0.9526315789473684
000111110011011101011110,	0.9578947368421052
111111001100001110111100,	0.9578947368421052
111001010100101001110110,	0.9605263157894737
100010000110001101000001,	0.9605263157894737
110110111100101110110000,	0.9605263157894737
001101100000100100111010,	0.9605263157894737
011100111000100111101011,	0.9605263157894737
100110101001111111111100,	0.9605263157894737
101110101100100111000110,	0.9631578947368421
100110001111000111010111,	0.9631578947368421
110111000000101100110100,	0.9631578947368421
001111001001001010010010,	0.9631578947368421
110000000000111100100110,	0.9631578947368421
100000001001100011101011,	0.9631578947368421
110110111010010001010011,	0.9631578947368421
111010001101101001001011,	0.9657894736842105
010111011000011011100111,	0.9763157894736842
110001010100000011110110,	0.9763157894736842
101011000111101011010111,	0.9763157894736842
111110101110110101010010,	0.9763157894736842
101000100010001000011100,	0.9763157894736842
110001110010100001100100,	0.9763157894736842
000001111001100010000100,	0.9789473684210527
011110111000010010011010,	0.9789473684210527
100100111101010100110001,	0.9789473684210527
001101010101001000011010,	0.9789473684210527
000101001110100100000110,	0.9789473684210527
110000011111011010100111,	0.9789473684210527
010001010001000011110110,	0.9789473684210527
011101101110101101001010,	0.9789473684210527
101011011111111100001100,	0.9789473684210527
101001001000100111000010,	0.9789473684210527
000000000101011001101101,	0.9789473684210527
110110101001101100101110,	0.9789473684210527
110101010000000101111110,	0.9789473684210527
001100010011101101110000,	0.9789473684210527
010000001111000010001011,	0.9789473684210527
010010101010000010110111,	0.9789473684210527
011001000000011110100010,	0.9789473684210527
101000100000010001001011,	0.9789473684210527
011111101100111101111101,	0.9789473684210527
101110100110110101001100,	0.9789473684210527
101111000011010101011111,	0.9789473684210527
100000000111110010000011,	0.9789473684210527
001110010011010100101111,	0.9789473684210527
110000011010101100100001,	0.9789473684210527
111111010101011011111111,	0.9789473684210527
010101100011011010011011,	0.9789473684210527
010100001001101100100011,	0.9789473684210527
100001001001000011001101,	0.9789473684210527
000100001100111000001110,	0.9789473684210527
010011100110101101001010,	0.9789473684210527
000100000011010111000101,	0.9789473684210527
101110010100101100010111,	0.9789473684210527
011110111001011101000111,	0.9789473684210527
010110111110101001110010,	0.9789473684210527
001100101111100111100011,	0.9789473684210527
000110010110000100110000,	0.9789473684210527
100001010100101110100101,	0.9789473684210527
101010001111001010100111,	0.9789473684210527
011010110100110011100100,	0.9789473684210527
000110111000011011001011,	0.9815789473684211
001110110111110100000011,	0.9815789473684211
101111101101000110111001,	0.9815789473684211
001101111101000011101011,	0.9815789473684211
011000011001001011001001,	0.9815789473684211
010000111111000011110011,	0.9815789473684211
001101100100011000101011,	0.9815789473684211
000101110100101000001001,	0.9815789473684211
101111101000100001101010,	0.9815789473684211
010000110100001010100101,	0.9815789473684211
001110001100001010100001,	0.9815789473684211
111110011010101000010100,	0.9815789473684211
001101010000110001000001,	0.9815789473684211
111100101001111100001110,	0.9815789473684211
010100110011000110011011,	0.9815789473684211
011000010010010011100001,	0.9815789473684211
010111100111110101001011,	0.9815789473684211
010101001101110010100111,	0.9842105263157894
010101011110100100010011,	0.9842105263157894
010011000000011011101010,	0.9842105263157894
100100010111110111110001,	0.9842105263157894
111100110110001001110011,	0.9842105263157894
010100000110001011001011,	0.9842105263157894
010000110010010010011001,	0.9842105263157894
000100110011111111100100,	0.9842105263157894
101011000110100000101100,	0.9842105263157894
010010110100011101101100,	0.9842105263157894
110110010101100011001011,	0.9842105263157894
000011001010000011111011,	0.9842105263157894
100100000101001110110101,	0.9842105263157894
101101011010011110111110,	0.9842105263157894
010110101110110101000010,	0.9842105263157894
110000100101011010011010,	0.9842105263157894
001000011001011000111111,	0.9921052631578947
100111000010000010001110,	0.9921052631578947
001110000011000000010011,	0.9921052631578947
010000010100100001000011,	0.9921052631578947
001100111010110111000000,	0.9921052631578947
100101110101101100100001,	0.9921052631578947
111110010010010101001010,	0.9921052631578947
110101010001000101010111,	0.9921052631578947
101110010001010110011001,	0.9921052631578947
111001000010010100111010,	0.9921052631578947
111000010111010001011001,	0.9921052631578947
111100011010110100101101,	0.9921052631578947
010001110011101110100110,	0.9921052631578947
100101110111100100010000,	0.9921052631578947
001111111010010011111101,	0.9921052631578947
111010011100111111111000,	0.9921052631578947
100100010011110011111000,	0.9921052631578947
001111010111111011000101,	0.9921052631578947
000110011011011110111010,	0.9921052631578947
101111001010001000110100,	0.9921052631578947
110110001000000000000100,	0.9921052631578947
001000010001011000101111,	0.9921052631578947
001011110110001000011000,	0.9921052631578947
010011101011101110000110,	0.9921052631578947
011110110111100000001001,	0.9921052631578947
110000110001000100010001,	0.9921052631578947
010011111111011100110111,	0.9921052631578947
100011101001010101001001,	0.9921052631578947
101010010011011111101111,	0.9921052631578947
110010100011001100001010,	0.9921052631578947
101110111000100101110011,	0.9921052631578947
110100110111110000111110,	0.9921052631578947
100000100011100011100010,	0.9921052631578947
101000001000110111011110,	0.9921052631578947
101011000101101000100011,	0.9921052631578947
011010101000110000000111,	0.9921052631578947
111001100001101101110101,	0.9921052631578947
100011010010010111010101,	0.9921052631578947
011100110111100010110001,	0.9921052631578947
111001101011011001110010,	0.9921052631578947
000100010111000000000111,	0.9921052631578947
111110110011001101101000,	0.9921052631578947
100010011100001010011001,	0.9921052631578947
110000101000001110110110,	0.9921052631578947
010101111111110110110000,	0.9921052631578947
101110000001010001101010,	0.9921052631578947
000110011000101000000101,	0.9921052631578947
000000110101100000101011,	0.9921052631578947
011101011100110100000101,	0.9921052631578947
101111110101000001010111,	0.9921052631578947
010111010100000100010010,	0.9921052631578947
010110011101111100011010,	0.9921052631578947
100001011010111001100010,	0.9921052631578947
000001100011100010100010,	0.9921052631578947
100010001110010000001000,	0.9921052631578947
001010010000000110101100,	0.9921052631578947
111011010100100110011010,	0.9921052631578947
000001111110011011111011,	0.9921052631578947
000111101011110011111001,	0.9921052631578947
100101111100110000011100,	0.9921052631578947
111001110011111100101100,	0.9921052631578947
010100111110100100000000,	0.9921052631578947
101000001011111110011101,	0.9921052631578947
011110100001001010110101,	0.9921052631578947
100100011100000101101110,	0.9921052631578947
011001110000100111011010,	0.9921052631578947
100111100110010001011101,	0.9921052631578947
010000101100101100110110,	0.9921052631578947
111111011000111001000110,	0.9921052631578947
110000111001111110100000,	0.9921052631578947
100001111101010111100101,	0.9921052631578947
001000010010011010100100,	0.9921052631578947
111111001001100001011010,	0.9921052631578947
110011101100101110010010,	0.9921052631578947
010100101011010010101010,	0.9921052631578947
110110011100001010111001,	0.9921052631578947
110110110011100011011000,	0.9921052631578947
111101110111100110000100,	0.9921052631578947
011111101110100001000011,	0.9921052631578947
010011110000100101011011,	0.9921052631578947
101000001011000101000010,	0.9921052631578947
001110111101110000000110,	0.9921052631578947
000100110010111001111001,	0.9921052631578947
001000100100011111011110,	0.9921052631578947
011011100101011011010101,	0.9921052631578947
001101111110100000100111,	0.9921052631578947
101001011001010001110010,	0.9921052631578947
011110010110111011111010,	0.9921052631578947
011111100011011101111100,	0.9921052631578947
100011000010110011011011,	0.9921052631578947
111001000000011001100111,	0.9921052631578947
000011110000011110101011,	0.9921052631578947
101001001010001001101100,	0.9921052631578947
111111011000111101100100,	0.9921052631578947
100010001110011010101010,	0.9921052631578947
000000011111100001110000,	0.9921052631578947
000000011111110011001011,	0.9921052631578947
000111010011011101000111,	0.9921052631578947
011011110110010100001010,	0.9921052631578947
110101000111100110100010,	0.9921052631578947
010101011110110100001100,	0.9921052631578947
010110011000100110101100,	0.9921052631578947
000011110101101111010001,	0.9921052631578947
000101000100111011001100,	0.9921052631578947
100110000110110111100100,	0.9921052631578947
111001101011110100110010,	0.9921052631578947
000010010000011111100100,	0.9921052631578947
110111010100011001000101,	0.9921052631578947
101110110000001111110001,	0.9921052631578947
001001001000110010010000,	0.9921052631578947
010110100100010111000010,	0.9921052631578947
110110010101111101110001,	0.9921052631578947
101110100101111110001001,	0.9921052631578947
110010000001111110100000,	0.9921052631578947
001000010101010101110110,	0.9921052631578947
010100110000101101101100,	0.9921052631578947
000110010110011001000101,	0.9921052631578947
101100101010011110010011,	0.9921052631578947
100000001100001110100100,	0.9921052631578947
000101010000001100001001,	0.9921052631578947
000000000011011000110011,	0.9921052631578947
101001111010010001110101,	0.9921052631578947
110111010011011001011011,	0.9921052631578947
000110110110100001011111,	0.9921052631578947
001101100110111011010011,	0.9921052631578947
000001101001011101010001,	0.9921052631578947
100111001100000001001000,	0.9921052631578947
111000101001100101010010,	0.9921052631578947
000101100010101001000100,	0.9921052631578947
110101000100010101111110,	0.9921052631578947
001000000100010101110011,	0.9921052631578947
011111000111101111010001,	0.9921052631578947
000101101101001101000011,	0.9921052631578947
001001001110011011111010,	0.9921052631578947
011111101010100010100101,	0.9921052631578947
100011000110001110111100,	0.9921052631578947
010000101010101011011001,	0.9921052631578947
110100111110001011010100,	0.9921052631578947
101101110010100100100000,	0.9921052631578947
000101110011110110100000,	0.9921052631578947
100010011001101011101111,	0.9921052631578947
001101000101101000010010,	0.9921052631578947
100000001100110001010100,	1.0
