101011101101000111001011,	0.2142857142857143
111111000111010110011110,	0.32539682539682535
101100100011100010101011,	0.4444444444444444
110110111000100000011001,	0.626984126984127
101001011101111011010101,	0.6666666666666667
101000110010010101010011,	0.6666666666666667
010001110101010010001001,	0.7195767195767195
101111100111000111111101,	0.7195767195767195
001100010101111101010110,	0.7328042328042328
100110001011001100000110,	0.7407407407407407
110001100011110111000001,	0.7407407407407407
110110110111110010001110,	0.7698412698412699
110110001110000101010100,	0.7698412698412699
001000001110011100000110,	0.7698412698412699
111010100110010101011011,	0.7698412698412699
011100000101000111100110,	0.7698412698412699
100000111101101000000001,	0.7936507936507937
111011111010011101011001,	0.7936507936507937
110100011100101100110101,	0.7936507936507937
100110110010100010110001,	0.7936507936507937
001000011001000100110101,	0.7936507936507937
010010100001110110000101,	0.7936507936507937
010010001110100101110010,	0.7936507936507937
111010001010110010111010,	0.8227513227513228
100101000110001001100000,	0.843915343915344
111110000100101000010001,	0.8756613756613757
001000110110000010110010,	0.8756613756613757
110111111110011010001001,	0.8756613756613757
001110000100101000111110,	0.8756613756613757
010100100110010110101000,	0.8756613756613757
110111100111100000001011,	0.8756613756613757
101101100000010100001011,	0.8756613756613757
010011100110100011000111,	0.8756613756613757
111101101111101100010111,	0.8756613756613757
110011100100110111010100,	0.8756613756613757
101001101000100110110110,	0.8756613756613757
000010111001001100011111,	0.9206349206349207
101111011010010010100000,	0.9206349206349207
011001001100010010110010,	0.9206349206349207
010000111000100010100100,	0.9285714285714286
111001111000100110011001,	0.9285714285714286
101010100000101001001100,	0.9285714285714286
011111000000101010000111,	0.9312169312169312
101000101011001110000111,	0.9312169312169312
010000010010000111111111,	0.9312169312169312
010100100110011000110100,	0.9312169312169312
100111000100110100100111,	0.9312169312169312
110111111111111110000111,	0.9312169312169312
001010011111011010100111,	0.9312169312169312
111001111010111011110101,	0.9312169312169312
101111110000101011111000,	0.9312169312169312
101000110010001101011100,	0.9312169312169312
101001100010111100100111,	0.9312169312169312
110100101101011111000111,	0.9312169312169312
010010001010101111011100,	0.9312169312169312
010110110010110000111010,	0.9312169312169312
010110101111111110011000,	0.9312169312169312
010111011001100011100100,	0.9312169312169312
101001001111000100010110,	0.9312169312169312
110000000011110101100010,	0.9312169312169312
010001001100011110110110,	0.9312169312169312
110001010010101000110110,	0.9312169312169312
110110101001000011111011,	0.9312169312169312
111110000111011101101010,	0.9312169312169312
110111001000101101100111,	0.9312169312169312
001111011000010110000010,	0.9312169312169312
011000000011110110100011,	0.9312169312169312
111001110100000110011000,	0.9312169312169312
000110000001001001100000,	0.9603174603174603
001000110110010010000010,	0.9603174603174603
101111111010001111111100,	0.9603174603174603
101101110000000011010101,	0.9603174603174603
111100001001010011110010,	0.9656084656084656
111001011000001010011111,	0.9656084656084656
000000111110001011010011,	0.9708994708994709
011010011110110100100010,	0.9708994708994709
111001011011100001001000,	0.9708994708994709
000000011111000101001001,	0.9708994708994709
010101101100111111010010,	0.9708994708994709
000110000110111110001010,	0.9735449735449735
000101011111110010010011,	0.9735449735449735
111111011100100100010011,	0.9735449735449735
011101010101101001111100,	0.9735449735449735
101101110111111111110110,	0.9735449735449735
100101101110001111100101,	0.9735449735449735
000110110111000100010011,	0.9735449735449735
000101011011101110100000,	0.9761904761904762
101000010001101101110111,	0.9761904761904762
010011100100000011001110,	0.9761904761904762
000110010101100100110010,	0.9761904761904762
111011000010000111011000,	0.9761904761904762
010010010110000011001100,	0.9761904761904762
100001111000011111110000,	0.9761904761904762
101101111001101101101000,	0.9761904761904762
100000100111001000000100,	0.9761904761904762
010001010110101001001001,	0.9761904761904762
001110111111000000010000,	0.9761904761904762
101000011100001100001110,	0.9761904761904762
100011111011110011010111,	0.9761904761904762
000110101101100101101000,	0.9761904761904762
101001101110000001110000,	0.9761904761904762
100100100011100011000000,	0.9761904761904762
010000100111100011101110,	0.9761904761904762
110110010111100110011011,	0.9761904761904762
011100011110010101110100,	0.9761904761904762
101110011100010010001001,	0.9761904761904762
000001111010001011111100,	0.9761904761904762
101110001010010100110001,	0.9761904761904762
111100000101111111001010,	0.9761904761904762
001111100111111100111011,	0.9761904761904762
101001101101110000001001,	0.9761904761904762
011000010111000001101111,	0.9761904761904762
011110111010001010101010,	0.9761904761904762
110011011010011100111011,	0.9761904761904762
000110101011011111010000,	0.9761904761904762
000100100100110000010110,	0.9761904761904762
101110000111100111101000,	0.9761904761904762
000000100101110000101010,	0.9761904761904762
110010101110101110110011,	0.9761904761904762
110100100001001000000101,	0.9761904761904762
000111110101100011011011,	0.9761904761904762
101110111000100000011111,	0.9761904761904762
110011100011000011100000,	0.9761904761904762
101111001000001111000010,	0.9761904761904762
100001001111111101101001,	0.9761904761904762
010011000111010001101011,	0.9761904761904762
100100011011001010000110,	0.9761904761904762
011010100110101111110010,	0.9761904761904762
000110100111001010101000,	0.9761904761904762
110110001111001100011000,	0.9761904761904762
110011100000101101010000,	0.9761904761904762
010000010001000100101001,	0.9761904761904762
101011001111101011101101,	0.9761904761904762
101101101110010110010101,	0.9761904761904762
100011000110001101110001,	0.9761904761904762
010100001011100110010100,	0.9761904761904762
001000011011000100111010,	0.9761904761904762
100111100111110001000111,	0.9761904761904762
010010110111001011111101,	0.9761904761904762
011011011110010001011010,	0.9761904761904762
110010000100001001100010,	0.9788359788359788
000000000001000111110000,	0.9788359788359788
000110100100001001100000,	0.9788359788359788
100001011101011011001011,	0.9814814814814815
001111100010111001010111,	0.9814814814814815
011011010100000100100110,	0.9814814814814815
111001111011110100100111,	0.9814814814814815
010100100110100010100101,	0.9814814814814815
000010110010111001101110,	0.9814814814814815
100000100000000101000000,	0.9814814814814815
111000001100100101110010,	0.9814814814814815
100100111101110000001110,	0.9894179894179894
101110001101010110011000,	0.9894179894179894
101101010111101110000001,	0.9894179894179894
101101001101100010111000,	0.9894179894179894
101111110100001100010100,	0.9894179894179894
000001110010100111100000,	0.9894179894179894
011110000010000001100001,	0.9894179894179894
000100010000110011000111,	0.9894179894179894
100101011011110111000011,	0.9894179894179894
101001100010011010011101,	0.9894179894179894
110000001001000000110111,	0.9894179894179894
110011100101011000010011,	0.9894179894179894
101010011111100100101111,	0.9894179894179894
111011010000101100110110,	0.9894179894179894
110100100110100110110000,	0.9894179894179894
110011011001111011010100,	0.9894179894179894
010101110000100011110011,	0.9894179894179894
110011000101001001011111,	0.9894179894179894
100001000100001111001001,	0.9894179894179894
100100000110100001110010,	0.9894179894179894
110010110011101000010101,	0.9894179894179894
010110100110101000110001,	0.9894179894179894
011011000100000001000101,	0.9894179894179894
011010100111011101001100,	0.9894179894179894
010101000001011101000101,	0.9894179894179894
000011100000010110001000,	0.9894179894179894
001011111111111011000010,	0.9894179894179894
111111001000001011011000,	0.9894179894179894
001010111100001111100011,	0.9894179894179894
111011110110001101111010,	0.9894179894179894
001111001000011111111111,	0.9894179894179894
001011101001111010011100,	0.9894179894179894
010101000101010001001110,	0.9894179894179894
101111000111000111100101,	0.9894179894179894
100110000100101111100101,	0.9894179894179894
011011010111001010010011,	0.9894179894179894
000110010001111101100100,	0.9894179894179894
011001100111110001011000,	0.9894179894179894
011110111100010001100000,	0.9894179894179894
101101011001111111101110,	0.9894179894179894
001100010110111000101110,	0.9894179894179894
001100110110100011011110,	0.9894179894179894
001111111111101000110001,	0.9894179894179894
010101110001100101001010,	0.9894179894179894
001010001010110000100001,	0.9894179894179894
101011001001100001101111,	0.9894179894179894
110011000100100000110010,	0.9894179894179894
000011010000001111000110,	0.9894179894179894
000111111000101110000000,	0.9894179894179894
111010101001100100000100,	0.9894179894179894
100000011000110010110110,	0.9894179894179894
011100000010100010011111,	0.9894179894179894
100001001011011010110001,	0.9894179894179894
100000110011001110011011,	0.9894179894179894
001001111100000000001000,	0.9894179894179894
001100000101010100101001,	0.9894179894179894
011100111110000010011010,	0.9894179894179894
101101110100000010101101,	0.9894179894179894
010001101110001000110010,	0.9894179894179894
010011101000000101011111,	0.9894179894179894
101111001001001101100001,	0.9894179894179894
100010110101000111010011,	0.9894179894179894
101101001010000110000011,	0.9894179894179894
100101000111001101010100,	0.9894179894179894
011110000011111000010111,	0.9894179894179894
010100011110011110100100,	0.9894179894179894
110100000011111010001001,	0.9894179894179894
001100010001100001000011,	0.9894179894179894
101101011111011100101011,	0.9894179894179894
001100111101011100011000,	0.9894179894179894
101011010100100101110001,	0.9894179894179894
000010010011001000001000,	0.9894179894179894
010100110111001010111000,	0.9894179894179894
010100111111000111011110,	0.9894179894179894
010001110010000000000100,	0.9894179894179894
011011001000001001000000,	0.9894179894179894
001010110000100011111101,	0.9894179894179894
111010100011100110000001,	0.9894179894179894
001100011101001010110011,	0.9894179894179894
010101101000101001011110,	0.9894179894179894
011011111001101010010110,	0.9894179894179894
110010010001110101001110,	0.9894179894179894
001111001000101001100110,	0.9894179894179894
101100011000101001101000,	0.9894179894179894
010101011110010101001110,	0.9894179894179894
000110001011111101001100,	0.9894179894179894
001101001110111111111110,	0.9894179894179894
101000001101111000110101,	0.9894179894179894
000100001011010110011001,	0.9894179894179894
001000010011110010111110,	0.9894179894179894
101111011011000111001011,	0.9894179894179894
001011110111001101011001,	0.9894179894179894
000001111000111000000110,	0.9894179894179894
111100011011101100000001,	0.9894179894179894
101100110101001001011100,	0.9894179894179894
110011100001000000100011,	0.9894179894179894
111111110001111101001100,	0.9894179894179894
110001101100000110111100,	0.9894179894179894
010111010010111101100000,	0.9894179894179894
011001011100011001000000,	0.9894179894179894
011011011000000010110100,	0.9894179894179894
110000110111011110101011,	0.9894179894179894
000011000110011010010001,	0.9894179894179894
110110110111001000000110,	0.9894179894179894
010000101100000111111100,	0.9894179894179894
110111101110011110010101,	0.9894179894179894
011010100010100111011111,	0.9894179894179894
010100111101000101101000,	0.9894179894179894
001101100110110100010010,	0.9894179894179894
100101001100011100011000,	0.9894179894179894
101000100111001100111110,	0.9894179894179894
010100101100110000010110,	0.9894179894179894
111011010001111100100010,	0.9894179894179894
110000001001000101100110,	0.9894179894179894
100100100001101111100110,	0.9894179894179894
100101100011100001011001,	0.9894179894179894
100110111100010111100010,	0.9894179894179894
000101100110010000101111,	0.9894179894179894
110111110110000111011101,	0.9894179894179894
110100101111111010010010,	0.9894179894179894
110110011000011100100101,	0.9894179894179894
011111110010110100110011,	0.9894179894179894
010101010010001000011000,	0.9894179894179894
111011010011011110001011,	0.9894179894179894
000100110010011000001101,	0.9894179894179894
100010011001101101010101,	0.9894179894179894
010110101011110010010000,	0.9894179894179894
111011101111111111110011,	0.9894179894179894
000111000001101001101000,	0.9894179894179894
011111110010111000010111,	0.9894179894179894
000001111111101100010001,	0.9894179894179894
100110000111110110101000,	0.9894179894179894
000011111100010000011101,	0.9894179894179894
000110001110101011100010,	0.9894179894179894
001001001010101010110011,	0.9894179894179894
011111000011100110111100,	0.9894179894179894
100100010110110110101000,	0.9894179894179894
011010011110111110000000,	0.9894179894179894
100110100010001100100110,	0.9894179894179894
111011111011110001010110,	0.9894179894179894
010010010110111000000110,	0.9894179894179894
010000111000110110100100,	0.9894179894179894
001010001111011001010000,	0.9894179894179894
110001111000010111001011,	0.9894179894179894
101000011110101110101001,	0.9894179894179894
111111110001001101111001,	0.9894179894179894
111110011011010111110111,	0.9894179894179894
101000010101001010011110,	0.9894179894179894
011100111100011100110110,	0.9894179894179894
011010010010000101110110,	0.9894179894179894
001101000110010001010011,	0.9894179894179894
000011100100111001000111,	0.9894179894179894
110101010100111000111000,	0.9894179894179894
001100011010111000001011,	0.9894179894179894
101110011111111111010111,	0.9894179894179894
000010101011001011011100,	0.9894179894179894
001011011100001100000011,	0.9894179894179894
001101101101101111011111,	0.9894179894179894
011001011110100110010110,	0.9894179894179894
000001111001001000010101,	0.9894179894179894
010000111100100001110111,	0.9894179894179894
101101111100111110100101,	0.9894179894179894
100101001110100011111000,	0.9894179894179894
001100000110011000111001,	0.9894179894179894
001101101001010101011100,	0.9894179894179894
101100111111111011001111,	0.9894179894179894
101111001000011010111100,	0.9894179894179894
001111101100111111100011,	0.9894179894179894
010010111011110001111100,	0.9894179894179894
101100110100000010011101,	0.9894179894179894
011110101010010001110001,	0.9894179894179894
111101011100111111000011,	0.9894179894179894
101000101001001111010000,	0.9894179894179894
111011110111111101011010,	0.9894179894179894
000000011101010011011110,	0.9894179894179894
100000010001100110111110,	0.9894179894179894
001101000001011001000000,	0.9894179894179894
011000100111111110110111,	0.9894179894179894
001001100100110100001111,	0.9894179894179894
010101110001000100001011,	0.9894179894179894
110111111100000011101001,	0.9894179894179894
110111010001000010010110,	0.9894179894179894
100010001000110011111110,	0.9894179894179894
101000101101001100111110,	0.9894179894179894
100011001010010111011100,	0.9894179894179894
110110010101010111000111,	0.9894179894179894
100110010101100111111010,	0.9894179894179894
100100011011001001010101,	0.9894179894179894
110101101111101111001100,	0.9894179894179894
110001000000010001110111,	0.9894179894179894
000101011001010001011100,	0.9894179894179894
011100101101110000111011,	0.9894179894179894
001011110001001100011010,	0.9894179894179894
100110001001000001011001,	0.9894179894179894
011100110001010100100100,	0.9894179894179894
010110101111000001010111,	0.9894179894179894
010111000000111000110110,	0.9894179894179894
101111101011010011001001,	0.9894179894179894
110100010101011110000110,	0.9894179894179894
110001100010101000010110,	0.9894179894179894
101111000100010001010001,	0.9894179894179894
011111001011010101110001,	0.9894179894179894
110101000111110110001101,	0.9894179894179894
011111001101000110001101,	0.9894179894179894
011011000001001010111101,	0.9894179894179894
001011010110011000110010,	0.9894179894179894
010011100111111001001100,	0.9894179894179894
001001010001000110010101,	0.9894179894179894
010100110101001010010100,	0.9894179894179894
111000111100001001010101,	0.9894179894179894
011001000011111101010111,	0.9894179894179894
011101010110010100010110,	0.9894179894179894
011011101110110101101010,	0.9894179894179894
101010111101011101001001,	0.9894179894179894
100010100100001001110010,	0.9894179894179894
110010011100001101000111,	0.9894179894179894
000010000110010100110011,	0.9894179894179894
000110100100011101101101,	0.9894179894179894
000100011010101110101000,	0.9894179894179894
111111011100110100100111,	0.9894179894179894
110011011101000010011110,	0.9894179894179894
000011001110110110110110,	0.9894179894179894
010010011111001101000010,	0.9894179894179894
010011011011110001111101,	0.9894179894179894
010100110000111010000110,	0.9894179894179894
000110000111001100101000,	0.9894179894179894
011010001101101001011000,	0.9894179894179894
101100001111011100001011,	0.9894179894179894
101101100000100001001000,	0.9894179894179894
000111000011001101101100,	0.9894179894179894
011000000110111111011111,	0.9894179894179894
100110100010111011011000,	0.9894179894179894
010001010000010000001110,	0.9894179894179894
010101111101111000000011,	0.9894179894179894
101001010101111101111010,	0.9894179894179894
011001000010001010110100,	0.9894179894179894
110011001000010101101110,	0.9894179894179894
011010010001010111101000,	0.9894179894179894
001101011010001001110111,	0.9894179894179894
011011011010000001011010,	0.9894179894179894
110110110100101111100010,	0.9894179894179894
000100110010100110001101,	0.9894179894179894
001101000011111010101101,	0.9894179894179894
001001011001101111010111,	0.9894179894179894
111010111110010000000000,	0.9894179894179894
001011000001100110001100,	0.9894179894179894
011000010100011000110111,	0.9973544973544973
